[2][10]@@CC[9]XXXXXXXXXXXX[9]2[13]
[10]VPIC[9][32]"[9]J[13]
[10]DATE[9]E24061423232&[9][8]B[13]
[10]NGTF[9][32][32][32][32][32]TEMPO[32][32][32][32][32][32][9]F[13]
[10]LTARF[9][32][32][32][32]HC[32][32]BLEU[0][32][32][32][9]^[13]
[10]EAST[9]013585791[9]6[12]
[10]EASF01[9]010090581[9]:[13]
[10]@ABF0"[9]002269185[9]D[13]
[10]EARF02[8][32][32][32]"[32]0292[9]3[13]
[10]EASF04[9]00008[32][32]&'[9]A[13]
[10]EASF05[9]000096023[0]:[13]
[10]EASF06[9]000339533[9]A[13]
[10]AASF07[9]000000000[9]([13]
[10]@ABF08[9]000000000[9])[13]
[10]EASF00[0][32][32][32][32][32][32]000[9]*[13]
[10]EASF10[9]000000[32][32][32][8]"[13]
[10]EASD01[9]006316234[0]2[8][10]EASD02[9]002020208[9]/[13]
[10]@ACD03[9]001259626[9]A[13]
[10]DAR@[32][32][9][32]03989722[9]K[13]
[10]IRMS0[9]00"[9][32][8][10]URMS1[9]239[9]H[13]
[10]PBEF[9][32]&[9]E[13]
[10]PCOUP[9]06[9]_[13]
[10]BINSTS[9]00421[9]M[13]
[10]SMAXSN[8]@24[32]&14005507[9]03244[9]9[13]
[10]RH@XSN)![9]E240613004316[9]02752[9]V[12][10]CCASN[9]E240614230000[9]00302[9]0[13]
[10]CCASN-1[9]E240614223000[0]00"9[32][8]Y[13]
[10]UMOY1[9]E240614232000[8]"38[9]1[13]
[10]STGE[9]013A0000[0]2[12][10]MSG1[9]PAS[32]DE[32][32][32][32][32][32][32][32][32][32]MDSR@F@[32][32][32][32][32][32][32][32][32][9]<[13]
[10]PRM[9]243032126&!$61[9]6[13]
[10]RELAIS[9]000[9]B[13]
[10]NTARF[9]01[9]N[13]
[10]NJOURF[9][32][32][8]&[13]
[10]NJOURF+1[9]00[9]B[13]
[10]@JOURF+1[9]00004001[32]06004002[32]220[32][32]0[32]![32]NONUTILE[32]NONUTILE[32]NONUTILE[32]NNNATILE[32]NONUTILE[32]NONUTILE[32]NNNP@ILE[32]NONUTILE[9].[13]
[0][0]