[2][10]
ADSC[9]XXXXXXXXXXXX[9]*[13][10]
VTIC[9]02[9]J[13][10]
DATE[9]H240107113704[9][9]?[13][10]
NGTF[9][32][32][32]PRODUCTEUR[32][32][32][9].[13][10]
LTARF[9][32]INDEX[32]NON[32]CONSO[9]0[13][10]
EAST[9]000000100[9]P[13][10]
EASF01[9]000000100[9]#[13][10]
EASF02[9]000000000[9]#[13][10]
EASF03[9]000000000[9]$[13][10]
EASF04[9]000000000[9]%[13][10]
EASF05[9]000000000[9]&[13][10]
EASF06[9]000000000[9]'[13][10]
EASF07[9]000000000[9]([13][10]
EASF08[9]000000000[9])[13][10]
EASF09[9]000000000[9]*[13][10]
EASF10[9]000000000[9]"[13][10]
EASD01[9]000000100[9]![13][10]
EASD02[9]000000000[9]![13][10]
EASD03[9]000000000[9]"[13][10]
EASD04[9]000000000[9]#[13][10]
EAIT[9]005147849[9]+[13][10]
ERQ1[9]000000169[9]K[13][10]
ERQ2[9]000000014[9]A[13][10]
ERQ3[9]000309361[9]S[13][10]
ERQ4[9]000040578[9]V[13][10]
IRMS1[9]009[9]7[13][10]
URMS1[9]231[9]@[13][10]
PREF[9]02[9]A[13][10]
PCOUP[9]02[9][[13][10]
SINSTS[9]00000[9]F[13][10]
SMAXSN[9]H240107092316[9]00010[9]1[13][10]
SMAXSN-1[9]H240101165809[9]00070[9]W[13][10]
SINSTI[9]02087[9]M[13][10]
SMAXIN[9]H240107113536[9]02090[9]/[13][10]
SMAXIN-1[9]H240101115017[9]02300[9]=[13][10]
CCASN[9]H240107110000[9]00000[9]+[13][10]
CCASN-1[9]H240107100000[9]00000[9]H[13][10]
UMOY1[9]H240107113000[9]232[9]([13][10]
STGE[9]003A0301[9]=[13][10]
MSG1[9][32][32][32][32][32]PAS[32]DE[32][32][32][32][32][32][32][32][32][32]MESSAGE[32][32][32][32][9]<[13][10]  
PRM[9]09325470235528[9]8[13][10]
RELAIS[9]000[9]B[13][10]
NTARF[9]01[9]N[13][10]
NJOURF[9]00[9]&[13][10]
NJOURF+1[9]00[9]B[13][10]
PJOURF+1[9]00008001[32]NONUTILE[32]NONUTILE[32]NONUTILE[32]NONUTILE[32]NONUTILE[32]NONUTILE[32]NONUTILE[32]NONUTILE[32]NONUTILE[32]NONUTILE[9]9[13][3][2]